$GPGGA,025526.000,0653.409140,N,07954.150015,E,1,7 ,1.08,22.013,M,-96.608,M,,*4D
$GPGLL,0653.409140,N,07954.150015,E,025526.000,A,A *58
$GPGSA,A,3,21,29,18,24,22,25,15,,,,,,1.98,1.08,1.6 7*0F
$GPGSV,4,1,14,21,58,020,36,14,56,246,25,29,38,173, 36,18,32,354,36*7E
$GPGSV,4,2,14,24,30,071,49,22,25,317,34,06,19,304, 20,25,11,157,33*7E
$GPGSV,4,3,14,15,06,035,32,03,04,310,,31,03,205,,3 0,00,240,*78
$GPGSV,4,4,14,42,,,39,50,,,39*7F
$GPRMC,025526.000,A,0653.409140,N,07954.150015,E,0 .000,115.0,260313,,,A*6F
$GPVTG,115.0,T,,M,0.000,N,0.000,K,A*08
$GPZDA,025526.000,26,03,2013,,*57
